3 8 480 6 90
 0  0.00  0.00  0  0   0 480
 1  1.00  5.00 10  1   0 480
 2  5.00  1.00 10  1   0 480
 3  3.00  8.00 10  1   0 480
 4  8.00  3.00 10  1   0 480
 5  6.00  7.00 10  1  60 180
 6  2.00  4.00 10  1  60 300
 7  7.00  2.00 10  1  60 360
 8  4.00  6.00 10  1  60 420
 9  4.00  1.00 10 -1   0 480
10  1.00  5.00 10 -1   0 480
11  7.00  4.00 10 -1   0 480
12  3.00  7.00 10 -1   0 480
13  2.00  3.00 10 -1  60 480
14  6.00  6.00 10 -1  60 480
15  3.00  1.00 10 -1  60 480
16  5.00  5.00 10 -1  60 480
